-2746
-6619
1026
9240
9785
1469
8345
7904
7094
2499
2018
-8621
9148
4978
-5273
5483
-6459
9146
5151
-101
1699
2409
-5799
-6253
-5662
1172
8835
5912
6573
-6292
5213
-131
3463
-1825
-2364
-9728
-1052
6397
2539
446
7371
-5905
-4124
8246
6504
-7782
7700
8470
-6470
8808
8758
-877
-7069
8214
9388
-4813
-1512
-2442
6813
9449
3801
-2910
-8396
-7185
1038
6862
5076
4908
-2737
-3335
2678
-7073
-5118
-6472
2310
8084
9549
5535
-231
9375
1035
-6666
1726
-9013
1001
9469
7285
-7817
-9298
-6747
-2875
-8473
-2143
-5787
-5463
-9295
2813
-5764
-9152
4098
2748
-5046
-3237
-2029
-2920
6547
856
6435
-1828
-2067
1510
-2363
-2080
-8969
2157
462
1469
8337
4662
2154
-2325
-1306
-2746
-2643
-2905
-6520
3773
2979
-3823
-4201
-2421
-1550
189
-5414
8267
9886
5494
2388
-5336
8401
2781
-265
-6522
-85
-3348
7029
-4801
-9500
-923
5079
-5846
-448
3701
6372
8527
7773
-1608
-6293
-434
-2168
-1059
9066
-7844
5696
-4892
1152
-2390
3027
-1604
-8639
-3466
-9460
9221
-9223
248
-5472
5619
7694
-918
9065
5642
7402
2759
-9136
-9573
-8473
8475
-1144
-6809
-7783
-4765
1477
-5496
363
2068
-8098
-9447
9947
-7110
7923
1224
-3818
-3431
3943
2864
-4995
8946
-1443
-9370
9762
-3424
5120
-6959
5530
-3921
4405
3712
-5529
1036
7613
8102
-8573
8208
-5163
7210
-9199
5034
-1571
-2244
-8607
3161
-7620
-7812
3307
-5172
6189
-3001
9257
-6679
8906
7514
-1547
-8209
-7897
1748
9529
-1354
-7127
4323
-5394
4808
-9473
8922
7830
-1876
-139
5546
-1596
9063
4383
3215
1929
-9099
-8277
-2628
-3717
7022
562
-760
-7616
-333
-3327
-7595
-9009
9867
8921
-7629
-65
2667
-815
-2540
-1128
7176
1008
7255
8442
-5835
-2850
-4457
-5484
-6920
-9590
-88
1351
-8438
1497
-2613
-2710
-5045
-2633
9008
-8709
4259
3298
-2492
-8306
8704
3909
-3778
-3287
1471
-3085
7901
-7045
-1064
-820
-8176
-6048
6994
177
-5913
-4241
5406
1196
-8965
6997
5232
4198
2576
-7555
7422
703
485
5522
2851
-1841
2335
-3475
7629
-5235
-9676
7234
-7829
-2393
-8362
8384
-5923
5484
-6989
7521
-7968
-949
-7206
8359
7330
-7116
9970
4453
2080
4282
-9204
-9553
9782
-3132
-9383
-1704
-893
1535
1911
-9861
1385
9509
-5952
-5754
70
1497
-629
1578
77
686
-7813
-2271
-3274
7806
9826
-8780
658
-2683
-3484
6711
-3293
-6184
260
2724
4374
-4030
-4936
-3544
89
-2854
8319
4413
-9527
5116
-7012
7661
-2032
2193
7835
-2618
-1333
-3958
-2711
-7026
-7458
9886
-848
-7638
-9655
5000
2970
7756
5705
5707
8152
-165
-6007
-2287
-5753
7427
9730
180
8991
-2130
8568
4610
5566
-4754
3634
6006
-2664
-2268
-9948
-2651
6518
-789
-631
9650
-190
2632
9835
1344
-3502
1379
6115
9498
-5207
1791
-1958
6206
7255
8557
-4550
-7970
2866
-61
7544
-432
-91
3523
4584
-3062
8048
-4088
7543
1749
4227
-3760
448
8247
-6148
-6159
9617
9629
-6017
3770
3889
-7224
-4606
7963
733
-3462
8017
1457
-2639
6955
6603
-2600
7784
8412
8455
-2736
-7577
-572
281
5633
-4935
1147
9154
-8465
5203
-1008
9061
-3034
-6282
-3519
4631
6572
-7631
6697
9486
-1421
9665
6166
-5595
-3711
5140
6414
-9641
7077
6356
3377
3372
92
3750
-7985
4265
-6998
4880
-4733
275
5533
-923
-935
4023
-72
-5906
-3736
-7815
8115
-3730
7790
9048
3078
-5379
9115
-5788
-618
4805
9366
6484
-9743
739
-6194
6456
4723
5888
9331
3804
2113
3380
4699
7364
-9177
-1462
-4349
-2538
-8817
-2413
-7832
3435
1791
6008
6385
-1257
3987
-5501
-1355
-9761
4199
7737
1229
-9828
431
2621
4134
-2713
-6606
3942
227
3341
7834
-3826
5853
-1587
7162
2802
-3429
-3468
-6243
-7198
1146
-308
2310
-6038
9210
6494
-6165
7012
-1861
-9488
-5182
-3519
-6585
5127
8956
-1642
5058
4092
221
8089
7617
2004
-2024
-2530
2542
4973
-3178
-4419
-8964
3079
-8843
7539
2667
6825
-8931
-506
-1052
-4707
-8585
6412
-3085
9828
9297
-5387
2600
-9795
-5997
7809
1176
-3218
-3532
2226
-9560
-1267
810
-9203
5080
1642
-5845
-2404
3869
-8430
8331
2637
6654
7907
3592
4716
-2082
9854
-4990
-1374
470
-7493
1234
-9404
1887
912
5975
1836
-6394
1837
9699
-642
-1693
-5680
7510
5189
9717
-6558
-5838
-4970
3973
610
-9309
498
-8555
-8403
301
-7349
7522
3687
6411
-8410
3761
2734
-5920
-1275
-3109
-6386
-6652
-989
1199
-6750
6014
8348
-5354
4288
-2027
-8501
7354
-2891
-3040
2279
-6256
-2446
-6709
260
3165
-7301
-2812
-7006
7930
8539
-2793
5001
-476
-7203
9016
-6551
572
8175
6719
7446
-5690
-4494
-9662
-4764
-1911
-5292
6166
-1674
-454
-2685
3176
-7973
9378
-4871
8098
7015
2255
2165
9451
8547
-7662
4791
5226
6459
-3198
5656
9754
-5309
-7873
2729
-4481
-5471
3261
-865
-1196
-4381
-952
-9000
-904
2401
491
-7773
2923
4732
-9979
-5077
-353
-3759
-121
-7726
8309
-3543
3851
8619
3348
-3741
-7365
-5446
7753
-6900
6751
3607
-3819
-2517
-2744
-8788
-3869
708
-1395
-3725
1851
6771
9811
-9536
-4013
2737
5233
600
-1580
-3687
1983
-1252
388
2756
606
-4904
4259
-1476
9120
3008
5238
7622
4430
6419
-1146
6371
-8004
-577
8187
-28
7746
2805
-6432
5233
993
-7190
-3851
-5335
-5425
-5909
-9524
1951
-6141
-1990
-8175
4500
1830
-2728
-7514
-1737
2355
6707
-1700
3686
5621
189
7351
9777
-8492
-6359
4645
-8184
-949
-332
-4808
5755
-2564
7707
8682
-3931
-2362
6374
-5544
-3989
8718
-7098
-7418
1265
9944
-9186
-1806
-7625
-5743
2910
4865
-5790
-583
1074
1618
3435
6963
-5054
8376
7835
-6212
-9464
-428
-4758
967
1933
8495
-4811
-2366
1606
-698
2080
-7198
-9079
8725
9764
-7887
8965
2130
-9505
3802
8233
1480
102
9566
-5654
591
-4940
1711
-3849
4443
-9905
-8427
-1042
5682
-9912
-4955
1632
2635
-3269
5625
-5940
3323
9272
5748
-9981
7523
-6922
801
-202
9029
3561
-3522
-6110
-2624
441
6271
-1291
3145
-6897
-559
8496
2716
-5450
-1832
-2618
4553
1831
-2126
-4788
-3948
-7891
-2995
-4736
-829
2259
628
-2335
-6062
-2716
-9026
2667
5311
-5550
420
7560
1331
-6024
-9248
1331
7475
-2191
-3577
6729
4416
-5170
2276
1020
-6303
51
-7223
-588
-2659
-1088
-9913
8016
-4169
-1292
-4252
5553
9776
-913
-649
8706
5954
-1489
5170
-9765
-4776
4603
2147
-9077
5189
-6827
-7388
-9725
4786
270
1623
-6228
1779
-4924
8335
539
7905
69
4500
-4995
475
-2554
-8706
-9007
-3446
929
-2708
-9755
-6131
-2537
-2588
9829
-8874
-6266
-4366
7973
6441
7994
-9584
889
359
-1024
-2591
-8061
5321
7779
-9051
-4565
-8156
723
-1625
-2318
589
824
8822
5318
-7789
6350
-4274
-9405
6652
7779
-4480
6785
2977
7251
7945
-2581
-3068
6891
6292
-3435
7009
3766
9684
-3665
5302
4107
-371
-7532
-8462
5525
-5059
-762
1372
6706
-1442
-9926
-8739
7108
1220
6852
-2481
-515
9087
910
4823
8633
-2654
4868
8885
-6991
-5624
9864
699
-9285
-2829
3772
499
9457
-3772
5231
2758
3435
-335
-9105
-6068
6199
-372
3165
-588
-3870
-9162
-4933
-3023
-7056
-9770
9236
5390
4077
-1456
-758
2860
6547
5737
-4320
2280
-6640
-6281
-4440
-4256
-8876
41
-5155
5918
-5332
1415
5976
-8281
-5665
-9712
-8047
9939
-9827
7393
-5843
6674
-4609
-7571
-1943
-360
-7187
-989
9149
-8712
-1468
1419
2480
-6128
-8980
798
1862
-3600
2184
6542
5285
5913
-2767
-6278
1035
-5508
9861
-4415
-8689
2901
1794
4715
-6778
5896
2347
9255
8326
-1520
8671
-4445
1694
1020
-8639
-3145
-4567
-7546
-7916
-3224
-1891
5428
-8876
1606
-3370
-408
5611
-4652
-1069
7579
8216
-9391
-4608
-358
-7882
9368
-9481
9851
5531
2951
3632
-4775
2358
3066
-9501
4071
-2680
-6050
2939
-1456
3084
-9562
2179
-8056
-7284
-9441
4338
1377
648
6290
7867
-6292
-83
-7083
9943
-3925
2949
-219
4404
-1128
-4505
-3145
1461
3053
7438
4444
4534
575
-5631
9203
1112
9365
-1662
9003
9251
-9472
-2673
113
-1651
-3174
-5306
9471
-7581
-1364
1353
-7347
-1691
-1049
-9369
2844
3523
5629
-3638
-4705
9422
7846
233
3424
1375
536
2959
-1381
-5612
3943
8040
2165
-6215
-7470
4699
-804
-9259
6489
9790
-296
-7942
-9675
-6319
3956
-1108
4375
-9383
-7006
-2620
-8825
5100
-8103
-8640
-3270
9988
-6531
5591
1197
-3016
4920
4264
-3271
-2176
-2363
-7892
-6273
-5100
-5076
-4359
2573
-3370
-6479
-2418
-4879
-9540
6812
-5460
-8415
-726
-4420
780
5276
-8774
-4207
587
4277
-9866
-577
9741
5657
-453
2203
-5832
-7719
492
-3338
9014
-6420
1037
-5274
7870
9431
-5053
-4813
-4207
3498
-5868
-3164
-2541
-699
-8676
-9491
-2365
4215
-2780
1053
-7133
-2596
2214
1187
-2622
-2494
6442
4780
-2038
5983
-7362
7365
9741
8802
597
8638
9217
-9581
3122
5690
2554
-904
-9281
-7051
6758
-6306
918
8999
1278
7799
2850
-6676
1553
-8075
1607
9117
7013
-914
-8192
-9029
-7199
3518
-6261
8598
-4800
-4913
-9153
-6633
-6000
2953
8700
5264
9638
-7968
8638
7373
837
5098
-9263
8572
-416
-7212
1223
-4930
-7680
6799
-2573
-4969
-8513
-8184
3740
2956
8842
-1683
-1242
2458
-1959
8544
878
9423
-3911
-3554
-7402
9752
-9633
-7521
297
-1972
-8759
-4465
-3132
3999
1178
9685
1784
-5292
2561
-8315
9230
3602
-5784
4115
-9152
3792
9184
-9503
-9604
-7614
-6420
-8681
5430
775
8344
-1115
6355
9953
-1491
-4742
9065
-6936
5704
-4556
-9860
5935
2418
-9509
8082
7158
-7459
7614
9251
-1433
-7929
-1346
-8854
169
8894
1673
-1001
-2177
-4276
5543
-2525
8308
2492
8871
-7601
8604
7552
-5259
3880
8077
1894
-1271
3340
1091
3306
7038
-1656
-9499
1363
8973
6763
244
-8949
8058
4416
-3522
-1408
3245
8157
-3674
9031
-7294
-4578
5002
3467
735
3269
4975
-5521
6734
8228
7554
-7859
-572
-9405
-6055
-3303
543
736
-1300
-5203
-3404
2779
-8206
-9572
-197
-950
9067
-1824
-2312
8914
-1790
-4961
-450
4148
-8225
5429
-2697
866
-7139
-5284
4319
3452
4057
-5930
-6583
-7564
-259
6843
-3077
-2939
7222
1984
-9021
-3751
932
-1650
-674
5080
-4434
4419
-1503
-3924
-5505
7233
7675
-9967
9629
-1955
-8533
9907
5768
6365
-1978
-5776
-9614
-3012
-2846
-1794
2961
-5457
-9496
4096
-7469
3963
4175
-6584
4386
-3085
-7179
-2521
4730
1429
-6043
1787
6069
9678
605
-9985
-2004
-951
-3403
3814
-4401
4238
8432
604
1352
-162
5303
-7379
4225
4916
-247
7939
278
-5905
5152
3248
-1893
-2068
-2014
5565
5095
-677
-5740
7123
-2291
-312
2577
-4493
-237
605
-561
-7463
-9783
7393
-3751
8933
6597
-4691
-761
8026
-7737
-2520
-5426
-1359
5250
-6499
8986
-3465
1790
9876
-4482
-5847
-2464
-5703
7961
-6969
2718
-3650
2306
9211
-1446
4244
-9505
-6223
9926
-6132
-539
7840
7853
6097
5093
-4710
6915
6441
-2437
-5771
-6405
-6340
8256
-184
1137
-1295
678
-8619
2429
9159
-256
9464
-7964
5881
-3975
9510
166
-2415
-3622
-2034
-1386
-9057
1093
-3091
-6670
7103
3476
6487
-840
-8852
-9155
1442
2070
-71
3180
-2491
5353
3384
1716
1101
9403
-9854
-4666
-7523
-6564
-8308
2299
4458
-7430
-1403
3281
2121
1857
3407
3356
8958
6818
2952
3113
-8093
990
-9643
3623
-8633
-9558
-7193
8109
3296
1509
7392
-8912
6935
6602
-4630
-3162
208
2604
516
-468
-7542
1832
7195
-678
-6239
-801
-4163
890
7280
-5866
-7877
7221
-2206
7566
-3320
7839
6854
-7795
-6159
-8683
-9389
-3980
-811
-7605
-703
8838
-2604
3600
8579
8474
4698
3484
1661
3495
-787
266
-8103
141
-9379
-4596
3430
-8976
8661
8083
-268
-5083
-1981
-9112
-3552
-5011
-689
9303
690
8491
8598
3938
-6054
-7836
-9631
4967
-1101
-8204
-5102
6391
-6457
7901
8521
-9281
-8269
8324
6307
-937
2403
6673
1580
6221
8481
2307
6015
-9493
-1560
2566
9592
8468
-6183
8909
-3046
-9106
3005
-3002
-3610
5099
2201
-7908
4618
1056
2372
-7606
-9344
-8477
-8870
-3313
6602
9468
8779
-5692
-8732
6412
695
7221
-4968
2090
-2406
-944
8705
-1919
-7945
2358
6420
-1358
4330
2785
-1491
8621
7093
93
3986
-5687
-8256
262
1982
-8814
-225
-7950
9720
-4355
1840
-4629
6189
2114
2285
-1611
-1912
-5384
-7234
9747
5181
9847
392
5501
974
5509
6248
6813
-2096
-19
-2972
-825
1486
-7168
9047
-4608
-8701
6989
-3114
-1744
-711
9650
-910
-1467
9305
-8496
-6614
9745
4550
7117
-4051
-7372
5253
-5656
-8028
2435
9335
9153
3638
-2019
-5949
-8335
-8619
-3473
-6333
1441
-1230
-4531
-2448
-1698
2363
4916
8335
-648
-9899
-5280
-2206
-4755
7143
9046
3390
8272
5615
2733
-8796
390
4743
4876
7449
-1437
4920
-9646
7051
-8143
-2930
5463
5011
4403
-5298
9739
-2537
-2544
3359
8936
-6997
-3110
-2539
5854
-1626
-5630
-4754
-9399
-7211
-3414
-7516
-1665
-4834
-5501
-666
6755
259
956
-5125
-9464
7956
8462
7486
7753
3981
565
4945
-7848
-7879
-3556
1267
2929
6429
584
-6171
-5263
8833
2251
-6045
-4060
598
-2772
-6499
-7995
3110
5964
-3294
-8635
-9129
9391
-7080
-611
-8857
-5160
-4828
1146
3943
7568
-189
-4290
-6045
3072
4804
4429
-7215
-8977
-1120
-9157
9009
4620
4840
-5346
-7997
-1767
-6650
1666
-3595
-1878
4073
1800
-1087
-2867
768
7977
-2659
2003
3828
9577
1727
-6811
9404
-1910
6349
8159
9913
-6058
8902
-8439
-2955
6506
8171
5066
-6964
-6045
9069
-3851
-8734
2613
2233
-6981
-9425
9908
-5539
1343
-3422
-6968
1126
5160
-4794
-4552
5941
2626
579
4215
5264
-1033
994
7917
9130
9828
2577
-1794
9517
4581
-5548
7260
-4108
-8937
-4682
9514
4120
5436
-4858
-1839
8414
8956
-6336
4805
-7627
613
-6431
2955
6382
2199
-5715
-8331
8885
3156
-8414
-7807
3038
-18
9301
-2145
192
5757
-6841
-7000
-2598
-568
-6180
-5007
325
-3045
-7198
8149
-7042
-5905
5476
805
6606
-5329
-6049
-5135
-726
-3829
1554
-1638
2545
3029
-4798
2034
-9555
-5708
-7586
912
-5073
5055
-8963
-7407
803
-5793
844
8435
-2043
8150
1293
1701
-2347
2899
-5812
8408
68
8615
7692
2664
-3629
8977
-7469
-6745
-1702
-663
-8424
-7878
-9021
7823
-2113
8417
-9487
1360
7340
-5313
4976
-6623
-7768
915
-5903
1975
2005
5051
-4016
-2011
-6789
-2087
9306
5352
421
-5428
9485
-5175
-2604
-3468
-2617
1376
4243
-5115
4219
-954
4335
1909
-10000
6540
-4049
-7114
9395
7170
5352
-7874
1534
-6099
6256
7881
5775
-2563
8813
1997
7912
-5156
6584
2882
-8874
9197
4795
981
-1942
9689
2616
-9700
1737
3221
7828
-539
-5291
-3039
-4520
3199
-2391
4400
4974
-8887
-5029
6524
9927
7754
9768
-3375
5459
-7662
1560
-8024
-3029
-4593
1795
211
6827
8060
5883
7200
-3769
5475
1720
3798
5698
-7016
-4692
501
-6382
-1880
8146
-8186
706
1663
-8050
-6827
6966
8550
5456
-4296
-8916
-1834
3414
-9655
363
7281
8959
1076
-9124
8891
-1394
1635
9264
-3270
4316
580
6687
-7063
172
7240
-4204
2566
-2953
-7983
9979
1388
-6868
5389
-3753
-9528
4456
-2212
-3187
9070
5380
-3735
-3604
-6753
7095
-950
1873
663
2780
5882
-5424
-924
3135
8925
1661
-814
-7130
-6942
2383
9816
-8661
9919
4377
4822
-5447
-9321
4468
9244
6428
8518
-9810
-1936
5393
6454
7990
6113
863
7427
4150
-2049
2574
5131
9774
159
7669
-1842
1549
-8602
-6030
-9958
7675
9410
8791
-7641
-1635
488
-4118
2011
7308
6866
5329
1750
1023
-6094
4382
-5782
-9367
247
-5211
-5099
4592
-1308
307
6081
9828
9072
9358
-5569
-9207
-4063
5957
9571
320
-9261
1358
-9421
8277
-4106
-7517
1496
907
4141
-4877
3019
8204
-345
3746
-3833
-2450
-2389
2349
-1614
-9699
-3558
8793
7596
9293
-9699
9633
5244
2063
-7548
9291
4659
-9537
9516
-5545
3347
-8985
-5985
-973
-523
1819
3711
-8250
8967
-9123
7709
-1632
-4081
2931
-5876
-4626
8650
3087
-5140
-9108
-5465
-5730
-5320
3014
-3243
2320
-328
8741
7868
539
7235
-222
4643
-1365
8149
325
1419
-8862
-9486
-6153
-1024
-8630
-8134
8354
-5614
-4776
4277
-8404
46
3189
-914
3226
251
-6830
7752
9215
-5602
-6059
-5359
-531
8616
9949
4040
-9542
2042
1499
5822
4377
7479
7268
3651
2383
2791
7018
-1450
6498
-5879
8236
3085
-3044
1001
5757
-8455
7164
-1591
-2354
1916
8725
9283
-1795
-8036
2891
-6172
-1544
-9559
9034
-8395
760
861
2668
-5403
-4057
56
5836
-2386
-6685
-2556
-5353
-1387
-3619
-8066
4133
-8653
-2726
-5788
1037
-1782
-80
8540
8341
967
-9154
-9282
-9370
9766
-1849
7188
-918
-3792
-5910
-3740
-1051
3309
-1038
-5189
-5845
-9254
-6292
6460
-2516
881
5584
161
2781
9081
1576
577
1661
8380
-3266
4463
-5078
-7148
-3090
-2192
7425
609
-2709
8144
-1769
2906
-6903
4805
-4169
-2789
-6345
-4682
8770
-5096
988
-1454
-8658
-823
1431
-5372
-8403
-2108
9492
8743
-2490
5740
-4824
7165
-5182
4650
6345
9548
4338
2969
-5813
-1468
305
85
-6081
6092
1660
-614
-3695
7110
-2344
-8215
6871
-4804
-7832
-8712
-564
2225
-7692
-1555
-6379
8340
-5820
-5034
3622
-4654
7538
-5933
3953
-8207
1837
-5554
-1885
-6646
5117
-3393
7233
9939
9686
-9680
-9098
-3569
8344
3430
6862
4788
-2984
-2800
2809
7960
8209
-7415
-9770
-1797
-773
1383
1019
-8023
-8159
-6872
2066
9171
-1277
-29
4625
-321
5446
-5761
866
-9357
-2448
5324
1932
-7531
-9805
-405
-6330
2472
1599
5306
2911
-1346
-1998
905
8998
-2712
-3043
-9112
-1260
-9145
7998
-9528
-1737
-6558
-5635
-850
7805
7920
-4337
1130
-1958
6955
5930
1855
2811
-8201
-5136
6220
1485
-7225
356
4139
8262
-2555
-8723
-6296
3888
2061
3695
-7324
-3855
9403
-3560
-378
-2886
-3568
7567
-9535
1410
-5105
4954
-3806
7983
-9818
-2592
3472
-8612
3140
-1309
-236
-6774
3487
4046
-6361
5698
2690
-8073
2443
176
-2266
-9672
7397
9654
4364
-5835
-2672
1856
6153
8247
-6430
-1159
7166
3762
-6437
3444
-4958
-6369
-9499
-5618
9883
1280
488
4277
-4781
3266
8629
9701
6291
-4738
4654
-8825
2643
-3851
8407
-8910
-6633
-6320
5616
8725
-1203
2003
5718
1549
-9401
-6853
3345
2985
-3901
8815
8538
4555
9604
5985
-9735
-1714
1476
9399
-9717
-1416
-3283
-1313
-1053
-580
6621
-1762
7743
5385
2920
7568
-5580
719
-6253
-2257
5205
-8425
-8678
4100
1632
-8170
-9467
7097
9448
2839
263
-9137
-9290
2671
-8474
-805
-4585
5033
-6334
8523
296
6355
-2819
-5824
-7470
4253
9808
-9024
-3207
5025
-348
-8120
3626
-4831
-993
-9816
5396
-2456
-5400
6852
-1666
2100
5413
-8876
-6459
3557
6899
7745
3844
6
5855
6115
-9624
-2059
3090
-239
2405
-9639
3480
5486
-7910
-5242
-2561
-7345
538
-7577
9432
2576
-6662
9685
-7125
5420
-5334
-6083
1667
-502
8277
3321
-9672
6784
-867
-3001
7499
-8715
9654
7277
5745
-1869
-203
-3593
9557
-9993
-5939
9888
8507
-2397
1872
-355
-6186
3827
-4437
191
-7965
5797
3136
8341
8511
-5405
-3293
-5109
-1608
-4254
-951
6160
-1447
3751
-4932
-5689
-7252
-7580
4628
4154
-8055
-8382
-4625
7300
-868
-3216
-8648
-9266
-1254
-7973
-1477
-2512
-859
5047
-9330
-2907
-8929
1379
-8019
6177
-256
7465
5380
-8311
-956
-3386
7199
24
-1540
4970
4803
7571
-9052
-8940
1581
1353
-9057
4881
-7325
9309
1075
2294
-2336
-4922
-9976
9175
9374
613
-6960
-7137
-1837
8872
3883
-6659
-8446
-3938
-4836
-5212
7432
-2718
-249
-6676
8488
-9167
-942
4430
6359
-1763
-6864
213
-4810
9713
-9023
-5853
4737
-6643
732
796
4831
8534
-4110
7055
5373
-2687
-4235
-5654
-8426
-7345
1816
-6529
6118
-77
9595
-974
-2726
-1576
-3856
3825
-5314
7587
-9310
-1031
-8474
2219
4554
-2071
3716
-6969
-7288
7751
-7031
9661
-4003
4573
3713
-4958
-2260
2379
-7905
-27
8852
-5875
6984
2217
-1954
7731
-5812
-9676
-5731
-2426
-6929
8425
8788
2782
-9544
-5400
8317
-2725
-3158
-6101
-3739
6623
-568
-4548
-7554
-4596
-3597
3851
-9585
-5477
-2021
-2283
-5614
-6179
439
405
3175
5517
-9963
-8604
-4778
9797
3593
4898
-305
6381
-9815
8484
6874
5958
1391
-4171
-5712
1710
2911
127
7114
-9006
3814
3694
-4635
6585
9464
6885
-4997
-4755
-9304
-8148
9820
-6142
3577
-1587
-3660
-844
1749
9930
5893
-4149
677
-7449
4348
-3812
-1463
8089
-5787
-3104
5731
-966
9496
7947
-5751
-6192
1551
-5395
1123
4660
2644
-5901
2264
1446
5753
9724
-2368
-6601
-4764
582
319
-9302
-6112
4521
3164
9319
7332
-7294
-3667
4702
5337
-7812
4700
-9033
5381
1012
-330
-5763
6980
-7198
2929
-146
8378
-2251
1699
824
3800
4447
8694
2677
-3718
-917
-323
-7033
-1308
-9044
1828
1719
-5973
9067
-5040
7924
626
3340
-5982
-3029
5221
-5768
-5218
8103
2046
253
4842
-165
-4203
-1004
-2516
-4566
1048
-7499
6146
3334
-7046
3904
-7174
-6297
-7057
33
8757
6438
6694
-1775
-7046
2327
8894
-1221
1010
-992
4740
8000
1028
-9876
8892
-1248
-1534
-8749
9863
-7618
6760
955
-8072
3439
6711
-5118
4733
-1538
-961
4620
7261
-8465
-9900
-2081
-4387
9857
4390
6301
9468
2615
688
-3185
-1102
9670
424
1597
-3689
-2811
6820
-8494
-5322
5899
6467
8244
4127
3310
-1782
-6156
-705
-9845
-1237
1265
-233
7580
1448
2490
-5640
5791
7802
6140
4348
-796
2112
-9085
5928
1011
-9957
-4567
-7141
1230
5481
5739
-2753
-6084
-9946
469
-5621
-3505
-1089
7718
-4753
5237
8661
-6424
-2155
-6357
9723
-6313
-9494
1847
8971
-7041
-549
1460
-7956
8514
-6242
-8310
-4993
-9730
2386
-9183
-7740
8214
-8207
5602
-1695
5351
6393
6615
-2525
-2214
-9004
3716
4560
5872
6558
2978
5232
7271
-283
5090
-4939
-4545
9213
8050
-4280
-5566
-5656
5040
-9947
9861
-4575
3781
7720
6640
3034
4197
1730
-2858
-3693
3405
7328
9113
-8582
-3387
-4827
7643
-2232
4144
-10
2828
1984
-5934
-8263
2826
5
122
-6738
-8434
8483
-7187
6488
-4070
-7257
-4324
9437
-5993
8346
-5877
9314
-547
9329
2088
2011
-3589
7113
-113
-9700
-4185
5313
1624
-9548
7361
-586
-7908
6695
7879
-7042
8347
-2676
-2439
8130
5072
807
4066
-552
6501
-5956
-2266
-3634
1175
-1681
1180
8588
-8853
4929
6449
-2752
1302
6941
9346
-8562
1017
6891
5900
-4873
-8621
3240
499
-7234
-9383
8229
-5181
-9555
-1144
-7060
4846
-8342
3207
-6128
6573
3232
-4290
9986
-717
7068
-9568
3755
-8695
2428
-4774
6683
8958
-9792
-2148
7899
-9290
-9249
-8070
-2308
-3190
165
2424
-7799
312
-9443
-5414
-1947
7365
8046
8054
8458
2666
-4331
-7158
-8475
8775
-915
-2543
9802
6029
-1853
-6874
4660
2039
2828
8652
4771
9355
9382
-4675
-4955
8442
9584
-3009
8049
-8814
4243
5530
-3442
8506
-9223
4817
-5046
-6680
8670
1229
1518
5021
-3632
-9012
7588
-5570
2341
4666
-1126
-9508
-9042
-5813
-7909
-6659
-2140
-652
3457
-142
4424
-2080
-6610
-5438
1304
-1050
847
8476
-1396
525
4540
-7303
-5939
1419
7454
-7052
-6458
-2611
-3747
-3490
-3400
8437
-4161
6573
-6410
-6797
-7244
-9478
-9087
-9487
7527
2968
567
9544
6599
-4348
3999
7295
-3771
1504
3877
5219
9119
-2581
9482
-5385
-7293
-1706
4686
9448
-1432
7531
8046
-7652
3186
4933
765
-2634
4752
117
1905
-1460
1086
-6132
-7334
-2245
4433
4566
-1761
-7646
-1950
-7174
-8846
-9885
9853
-1600
-4465
1569
-1310
-9670
3193
-6764
-6279
7752
6895
-4171
1706
-237
9986
4781
-1777
-5163
-3968
9239
9737
-4394
3815
5779
-112
-4348
-8228
4826
-552
989
-6373
-8968
6204
-9326
-8554
3497
6874
97
1508
-6593
2351
-8127
6437
5826
1718
5512
5710
-4352
6635
-1855
1983
9818
-9508
-9165
1314
8629
-6277
1866
-4937
9263
-3566
9
-2059
-1627
3986
2208
7722
6934
-5792
-4848
1580
-6739
6996
-153
2550
166
-2002
-8527
-3594
7999
7138
-768
7891
8482
-3634
-7789
-875
-6897
3829
-5191
3869
4122
-5634
2257
3912
-3438
-7358
-4387
2616
-221
-8603
416
4623
716
9613
-3959
5177
-9925
-5145
611
-3146
-2145
1684
-3328
974
3430
-1393
9701
457
-8768
3194
-3680
9846
3581
853
3034
-1357
-8844
6557
-2543
4331
5467
5909
-453
-3810
-3843
7904
2123
4130
-864
491
-5688
7493
5877
-8098
9273
3670
-8288
-1860
-9169
477
8384
-27
2893
-6732
-1071
1394
8710
-3840
-5459
1732
5970
6082
1987
-7214
2758
1419
7253
-2554
5205
-8669
-2688
6297
6886
-8459
-7099
6430
-3706
-8954
6182
-2126
6690
-9224
2923
6815
-1409
-7125
9884
235
2567
-4620
-5413
-2256
1309
-4950
-3924
-1903
-2651
-4365
9637
5302
9542
6260
-6909
-9493
3724
2890
-4411
8942
-2772
-2356
-940
9054
2458
-3163
5208
8911
3579
-1151
1862
-7203
4855
1446
-9500
3347
-8058
8853
1101
6405
7397
7207
-841
-7822
-234
47
4709
5429
9828
-9535
-2984
-8104
-7622
8223
6781
4453
-2320
-5677
-5152
4744
2625
-4992
2100
-3786
1937
-7632
4426
-847
-2791
4134
-694
3188
991
-7795
-6317
-324
7922
-7236
607
-1746
-8840
-2507
-3990
3954
-5525
7862
7769
-1485
-5590
-1364
-7845
5404
-8006
-56
7980
221
9014
9881
-9241
3212
8882
-5004
4909
6224
819
7570
-4923
-8605
1393
4018
-6679
-6194
2840
2186
598
9970
296
-8400
801
7896
3374
-8466
6718
-9769
5010
-3891
9271
4757
-4341
2014
-3498
8183
-8394
-3829
-9728
-5661
5144
-9082
2252
7762
-3191
-1381
-19
-5721
-380
-1003
-8213
-7889
3665
9881
-9799
9004
5788
7937
3329
997
-6892
-887
-40
9776
-8647
884
3328
7519
1325
-3754
-7692
1264
5791
6499
-7826
-572
-2745
-4475
-5937
-1212
-3817
327
3938
-5211
6650
-6174
-6671
-7958
-3724
-4227
6174
9279
-1952
4165
117
4012
-9823
5092
539
-2464
8994
6647
1459
-159
2033
5546
-6458
8455
9625
623
5184
6253
3380
5779
572
-1762
2576
3671
3297
-7533
-3026
7458
-443
-365
1977
-4403
-1591
-6591
-6950
-3875
-7236
-3296
8586
-8215
8800
1003
5781
-130
8132
4555
-8178
7990
-5584
5977
2423
-788
6318
-9385
6800
2901
-7301
9168
5022
3577
3562
-8747
6890
-138
7415
-5346
343
4979
-4896
4494
5455
-3666
-3283
-9253
8274
-1359
-299
-1592
-6781
-9152
6354
-9006
-7696
4950
8557
5008
8784
-6678
-638
-9659
1768
8604
4368
-7771
-1801
-3605
-1202
-1999
312
8103
9404
-6651
778
3109
-6437
4473
5333
-9203
-5212
-3362
2859
-382
-2983
4211
2072
8875
-1008
-4801
9270
-2699
-5651
-3278
9874
-6709
7877
-6291
-4336
1762
-3697
8373
-1138
7622
8432
4935
-8069
5244
9483
-3981
5073
-6825
-4070
7773
8952
-6345
-1643
9180
8481
-8124
4902
-4555
-1604
-7492
-2554
-6734
4590
2423
2079
6378
9445
9835
8196
9063
-1688
973
-5145
-5433
8796
-3753
-5456
-6457
-1157
1800
1486
-2560
1134
-573
3210
2375
-4567
-8440
2218
-7508
1304
-9481
-9561
-7997
9599
7206
-4658
1235
994
9046
1317
-9810
6565
3891
-9339
3783
-787
2350
4974
6329
8993
-7956
5978
-5948
7034
-5745
-7453
-4622
1425
9140
6612
408
4934
-6666
-929
4494
-5451
8913
1006
-8131
7966
8346
-2141
-5861
8330
7992
16
-7029
2639
6336
9211
-733
8356
-6018
1636
3107
2678
6755
-4414
6257
8477
9723
6093
7683
-1604
6145
852
-9145
-6140
5376
-8328
-3666
-1871
3509
-4585
5320
-8343
370
-392
-3236
-9913
-9943
1108
6559
-2678
1666
-5340
-9336
-9996
-3427
-9380
-4896
586
8469
8637
7864
7357
5806
9853
4159
3819
-9175
-8307
4741
-58
5903
4420
2993
6364
-4945
5246
-7004
7238
-420
5722
3506
-1270
769
7882
1801
-8723
-716
8734
8543
-95
-2454
-7909
1495
5544
-6669
-2340
3841
-1731
9631
-1025
-9958
4827
-2904
3555
2500
4352
6127
-1204
-3913
4317
1507
2716
8546
-1780
6809
9892
9780
2569
-1146
47
6652
-9976
5243
5756
3787
-7782
1509
8942
-2753
-5385
7994
-7292
-2536
9030
-4608
9282
-2871
1680
6798
-2157
8308
293
-1665
-3712
3792
8189
-921
-2954
8927
-8370
300
-6626
-3301
6579
-6237
-214
-1524
8084
5808
2591
2155
9972
-9163
-8933
7527
8676
4213
7679
3218
-2108
-4439
5650
-839
-5880
-2936
-5075
-4263
-1609
9125
9232
-6128
5323
-1750
9477
6016
-5772
6331
2852
6352
6766
5927
-9414
-7189
-8402
-9976
8471
7671
-4690
5528
-9844
7008
-2188
-6592
-5951
-5106
-7321
-4870
-5514
-3350
-6205
2908
9633
-4210
7432
-8649
5923
8885
-6167
7689
230
8230
-2853
-6678
-8107
1639
7493
-8320
-2987
7360
863
3538
-6070
1692
-6151
-4879
-9551
6815
1651
4887
-863
-6005
-9135
278
4991
6392
4827
3340
-6473
3560
5527
8867
7939
-7173
-3435
6372
-458
3488
1494
-1731
3214
-7842
1731
-9932
-9616
3260
-242
6644
747
-6478
-6908
-9339
9578
-447
-134
-2861
7833
8887
-5071
-3816
-4899
-3291
-9588
-9352
-6162
-7781
8249
6007
5339
893
-9015
-8111
-7877
841
-6554
-7959
-985
-7707
-4628
8403
-7981
2899
9470
4907
-1584
9270
-6958
-9178
-9854
-6247
-8042
-244
-2509
33
4057
2265
-2898
-3590
-5425
-4633
8651
-2465
-6032
-6958
4266
5008
-5901
-3899
-4858
2364
-5218
-7744
-681
1192
1682
6600
-8993
6928
6207
-4385
-6579
-2305
4081
3861
-2224
9785
-8160
9089
-558
-2391
8036
-7441
-7331
-150
-8574
-7727
8032
-4489
-1082
4663
7076
-1887
4599
-9095
-2989
-9713
-5777
-5830
-787
-2979
-3387
-9440
-9358
8531
-2598
4182
6019
-5839
3709
8680
884
-7877
-4588
8788
2427
3840
-6602
-8291
3651
-3792
5784
-2054
3613
-786
5188
-4897
9304
-4578
-5605
-5836
1795
-1294
878
5650
-3573
8430
5798
-7281
-1097
-8933
-5418
8900
-9624
662
-7770
-3255
-3445
-1762
-5599
-638
50
-4738
9861
-1446
-5513
4396
-6973
1222
7460
7733
-2974
-5166
-6424
5827
749
5250
-5164
6205
-8034
-3463
5491
5266
2460
4805
-6009
-3687
9839
-7828
9660
8213
-5963
-3961
-9556
-1575
1198
3552
-9137
-2195
1474
946
6714
1553
1149
-5818
-435
-1663
-3403
-5029
-747
3593
2673
-2269
-6105
3244
6241
6114
-4258
6676
2298
1061
-8666
-4048
-9127
2324
-1959
-4599
9331
-6630
5986
4242
-5074
-1638
-9295
4525
-2135
1382
-3533
-5483
-9739
3999
-6560
-4582
-4937
420
4295
-5662
7730
6591
8836
6014
-5892
5684
516
-2428
-9959
9923
9842
2031
3963
3616
1836
-8157
-689
-4692
-1498
-8731
-9072
-5685
-2426
330
343
6785
3663
-9795
7856
-7817
5626
-4504
-2509
-7001
5962
4182
6134
9944
-8325
9679
293
2127
-947
3814
-2058
-3852
-9174
-9352
375
1752
998
6185
8887
-2176
5388
7797
4123
-4488
-6632
4565
-5179
-11
6039
-3898
2928
-4809
4841
7653
-7762
-4734
-7746
-9384
47
1992
6537
-4146
-9092
25
670
-3183
7820
-8109
-2054
6532
-2960
-3284
-4898
-6691
-9695
-6272
-5913
-2400
-8515
1269
4982
-2624
-9757
-2573
4555
-4132
7021
8200
-2888
-7729
2265
5844
-2953
-3063
-3371
-3152
7114
8754
-3324
-5862
4650
-7974
-2806
7074
-780
-6517
-1557
5266
-7170
-5876
5995
739
-9219
-7769
7406
1259
-4179
4227
-7090
-9469
-5858
-7161
1696
6312
-237
1131
6790
2244
9942
-2583
-851
7791
28
-3091
-7314
-8601
6116
-1014
-9572
-2957
9233
7692
1073
-6357
5837
-2050
6119
-9691
8523
6403
8647
2036
5570
-3149
7838
-693
2686
9139
3089
603
-6685
9562
-8651
5992
337
-4426
256
-3713
6363
-3715
6110
-4381
7027
-853
-3564
-4303
1554
3250
-3211
-5134
-1806
8817
-7291
-1944
-1877
4229
1613
-4388
9018
5203
3247
7189
-2681
-1940
3289
-9347
-1409
-1331
-5642
-4594
3182
-2978
-7893
-8121
9631
3291
-8660
509
-9310
-189
-7994
6756
9408
-2302
-6244
-3402
-8244
9658
1730
-7874
5252
-6550
976
2916
-1307
7154
-4713
3397
-1954
-9758
7832
5389
3946
-4167
6455
7483
9760
6088
6958
7931
3784
-3510
7481
9345
-7774
6325
8376
3129
8838
-1482
-3400
9963
3485
-3826
-8953
7753
-2361
7987
-3615
9833
-6294
-4641
-3575
-486
4362
8358
5543
-176
-3209
6715
4382
-1662
-5027
2510
-947
-7845
-2000
2947
-5452
-2542
-1968
6650
-8274
7815
2426
8900
-4238
-6272
-835
-109
5352
1528
6230
4304
3216
555
8581
-728
-7960
-5226
9084
-7132
-3044
-5904
-3156
-8401
3471
-4134
-9314
4810
2515
3444
1479
9484
-8885
9245
-1543
3295
4740
-5563
303
-5750
8737
1275
4175
-6702
-1287
2253
-7583
5754
-2803
-7278
1183
6981
4235
-7419
2982
491
-4313
-7202
-1687
5815
-4577
1824
-453
923
2285
7349
5125
1811
8839
4227
4416
-5586
1132
-4066
-8894
6717
-8855
-583
9246
-59
4045
-9468
9618
5455
-1244
-1674
2519
4577
-3929
-239
9858
2478
-4290
2053
-7663
3960
5725
-2979
-9731
1398
6697
8119
-8545
-2311
707
-7674
-2987
8087
-6748
-4267
-8243
-6139
-3230
-6825
-1676
915
-3902
-6993
2749
-4590
-5009
9938
2975
-2462
8129
2723
3938
-9480
3580
-2729
-3223
1524
9641
5023
-1327
-9349
-7411
2119
3464
-7853
-9549
-7049
7499
-8853
-8935
-6082
9292
-2409
7233
-4184
-1533
570
9821
-1211
-7977
-4932
8932
3437
2389
-3827
4352
8383
9300
-5195
-5941
9530
7930
-5111
-9111
2307
-8370
9703
-3463
-231
-2068
5412
4560
-5688
-4870
-5845
6973
4406
4624
-4105
-4211
-9720
-2592
8553
4694
3962
4614
3388
5108
-7534
5673
-2054
-3517
9558
-9393
6685
2637
4688
248
-8684
-5155
-824
-1313
1856
3907
-8149
8276
-6996
-728
-8206
-3753
9936
-8969
1557
1119
-9602
-5344
-5653
-3757
-4976
-2540
-1810
339
9936
7525
364
-5723
-8552
2117
-9492
5709
-7717
3079
9166
5936
4982
6847
7927
-3312
-3900
-3471
3236
-9240
-5873
9957
-3611
-9992
5668
4454
5053
-1779
-1488
-4821
-4206
-1885
-2908
7666
-9909
197
-3929
6906
3289
-8582
-7921
-2869
-7122
4300
-5876
-8105
1251
-3501
-5767
-4848
-3841
3823
4710
-6491
-6535
-6817
8054
-1659
-9117
9269
-133
-8254
-2439
-5166
1959
-716
-4896
-4510
5209
6313
4752
7002
-2735
-3588
6825
2347
-5683
1176
7737
-7173
9488
954
-9817
-5800
907
1513
-4635
-4268
7548
9917
-7305
-3395
8827
8292
-239
-7212
6540
-4702
7212
-2961
-4868
1149
4206
7318
8240
-3197
-4803
1282
-5251
1305
801
8629
5621
5156
4159
-4229
-2103
-4112
-5244
1796
3895
-2055
-4369
3841
-6424
-179
-7757
1761
4740
-6887
1719
-5342
-239
6564
-5948
-2626
2646
4153
4721
-9629
1677
9325
5482
5729
-9078
9449
-1318
-9288
-1237
-5261
-3407
-9614
-4279
2931
-2246
-8304
-5912
7105
-5792
-7272
4943
-448
-6535
7562
-9711
-3001
8825
3706
9840
-2124
-6561
-5050
-6364
7695
-6190
2682
-2696
-9918
1795
-5722
2524
2307
-7063
1234
300
-8765
2840
-3207
7934
9676
8213
-409
7274
-5371
4718
3760
-6017
-4757
2931
8167
-5241
-8588
1754
2716
7473
9210
6926
5497
7941
-7869
7756
991
2174
-6226
1684
3653
-8347
-6854
-1674
7887
3946
-2079
8357
9608
-8635
-1634
787
-1466
-3443
-8630
-3159
4609
-6918
6267
5548
9116
4883
6957
-6637
-1897
-1677
-1130
-8607
9658
5221
-2108
9483
9836
-2640
-3202
-6260
723
2631
-9556
-6133
-744
-6046
5315
8522
-705
2084
-8818
1241
5471
-3916
-5806
-2839
-2156
-7297
-1026
-9095
-437
-2751
9648
3331
4820
3464
2994
5268
-607
-9637
341
801
-2109
-634
-366
-9368
4395
-7424
6245
-405
-8232
1136
-2984
5892
-8106
4985
1081
1581
-9208
-7945
-1549
-9555
7110
-3576
4650
4153
-6814
5737
-5113
8522
7891
3458
1874
8375
-1057
8024
-4251
7790
5758
5645
-7290
-8943
-4510
841
436
-9826
-8083
5180
5453
-3246
9715
-5221
3182
5515
-5644
9595
-6176
307
-8692
8229
1998
-6419
3868
1758
-3785
4574
9582
-8142
-6136
-387
6364
4681
5689
-724
-6577
2330
-3866
6884
4609
1732
4489
4166
-7132
-9431
-2266
6250
6454
-4003
550
649
-9855
-1532
-6281
6026
7246
-3644
740
6065
7885
-2005
-4169
-5852
-64
4408
7401
5827
847
-9786
2618
-3503
7075
-4548
-6672
-9665
-1455
-7501
-7682
381
1557
-897
-8256
9645
247
-7219
4779
1652
5001
-9291
9710
-8442
-4534
1132
8382
-747
1160
3122
4011
-3449
2274
5277
6541
5095
1824
6349
5241
-5223
3770
-625
-3687
-5583
5294
-4987
957
2977
-3610
3707
-1312
1563
6852
2660
7674
-5809
9450
-2997
-3490
-2343
-1390
-6927
5609
2428
9013
4713
-4564
-5983
3808
1476
-3253
4449
-8959
-2010
-8751
-9375
7509
1515
-662
-6241
1518
732
-2423
6913
5339
5819
5510
3273
9616
-4306
3434
6306
9094
-4537
4794
-4101
-8749
-7125
1067
4969
8906
-5086
6001
5431
-4777
6149
1194
1044
8700
-1014
-7150
-5398
-311
-6754
-4556
-7940
9156
-3973
4370
9725
8711
-7320
9708
1454
9878
-931
2743
1698
-4424
-4167
-6560
4049
-1
-1008
3722
-8270
-1957
-5401
-4
-7045
1003
-4179
-1489
-7995
-7346
7702
3304
-1468
-7544
4781
7555
-5720
2718
2553
-8257
7601
-3570
1649
6671
-6221
-6240
5626
2548
2198
-7360
-2020
4241
-5040
2571
3052
5340
-5078
4471
-2005
117
3766
7202
-4830
-8364
8196
802
6257
6189
-3124
8756
-1690
-101
4792
3395
-2689
1919
-764
-2288
8670
7423
8812
-177
-7616
4525
4472
4264
5160
6940
-4204
-4784
9914
7191
2947
5516
-3368
-2442
-2471
-3418
-5758
3401
514
-3860
4825
-3889
-8548
9178
3332
2361
-2192
8592
3621
4078
6796
1810
-9241
-7243
846
6042
9988
2690
1310
-6191
9013
6162
-9861
-5955
-1361
6096
-626
5979
-9226
-7256
1748
-6962
5729
8175
1698
-9587
-978
6430
-321
5362
5077
-7754
244
332
2664
-2726
-9513
4204
-992
-3618
-7630
-3889
-5093
4095
-7416
1389
-4354
4995
-4733
-849
-1567
5827
74
9597
-2625
1538
6473
-9593
-1021
-8057
8605
-4042
3580
6190
-8592
5498
-4785
-1967
-8335
799
-9643
-4317
8786
-5635
-9370
-1336
2171
8648
-9894
575
-2844
-8517
9130
8567
1114
-1169
1253
-5765
8256
467
9993
3214
-6148
428
-9557
7115
-6972
-7663
9336
-4598
281
-7245
-5200
5838
537
7454
-7864
630
6380
-475
-2960
-900
1056
2897
183
-5879
3950
9952
-8843
-5007
9284
-8970
-6055
-7194
9171
-5640
-25
3725
7363
-9832
3816
4522
-3139
9307
-5645
-3575
2036
7192
3730
-312
9242
2887
-3222
-57
-6
-6450
1719
-2348
6867
-8616
-8941
-1888
6130
114
-7824
-347
6877
9503
3647
-4037
-2132
-5529
-6361
-5852
1618
3200
1950
-2477
-8048
-5497
-4889
9520
6818
-3965
962
-9880
-8883
-122
-4769
5658
1638
9329
8287
-4871
9064
-50
-1762
-4166
4714
-2050
-8184
-407
8676
8450
3670
-6041
-1872
9280
-8130
-4845
4390
-401
605
-8681
4378
816
-3466
-8815
-2158
9384
-2422
762
-2245
6427
-4793
-8104
-5075
9590
6174
9257
-6383
8563
-2968
-7078
-2509
-1891
3625
-2297
6087
-8728
8225
-8360
-9982
-2863
8182
7085
-7911
600
-8359
-1665
4817
-6754
-1196
4018
2252
134
7231
-436
-368
7624
-8059
-5403
-9170
-3835
7849
-7352
2903
-8942
1178
-2526
3200
-6067
5918
-6287
-6112
-7105
245
296
-2256
1511
8676
-5499
-1606
5239
-5890
-8538
-8641
-4641
-7629
8874
2534
9343
-4327
-8700
5801
4657
77
4556
-2328
-5634
-9895
6154
-8872
-5459
3137
-3996
5721
-6523
8175
-4235
-2115
-6933
-4167
5308
6701
-3342
-7177
-338
1609
-1113
5311
-5599
-1799
-8808
4829
4229
-8554
3492
-1430
-5005
7510
-767
9893
-6833
2414
-8424
4361
2597
6938
-3389
1413
5118
9494
1672
3915
-5022
3648
-8841
9606
-4055
-272
-2719
-3399
-5049
-4911
4323
-9921
-8270
-2325
-1318
8038
9967
495
1583
-3014
-3061
2959
-5714
2701
-7740
-1298
-791
2642
-1703
-6349
6160
561
-1978
5547
386
-1060
-767
4000
-1865
5389
-7823
-9646
-2759
-4640
-4475
2982
-5065
-4861
3403
4062
6818
-187
8815
6934
-5540
-7128
-8338
-118
9816
-2072
1335
-9576
-949
-6862
4019
7959
3472
6176
-1995
8747
-9599
7952
-8122
9349
-5310
5480
-9924
-1317
-6744
5138
6311
-2836
4440
8992
-953
-1132
-6193
-8932
-8439
-6381
6580
-7717
5300
7501
4897
-8832
-5560
2241
-3614
-4916
-479
-6509
-455
-876
8186
9930
6113
4134
-8592
6698
9044
-5302
-3064
-3993
-7173
-753
444
-2750
5789
-1995
5454
720
8027
5519
-5593
1205
6443
5646
8228
8207
-4496
-812
-2375
8662
-9173
-1069
5954
-5077
9434
-3277
563
-6310
-6874
8103
-3617
6541
-7627
5197
-3037
-9708
-6759
5146
9101
4117
326
-2250
1452
8106
8764
1956
1099
3654
-7536
107
7338
-6331
6185
1694
-2374
-5633
-4256
-3432
-9949
-6741
7662
45
-2947
-7273
-9891
5074
7525
-566
7337
586
5393
5436
-9038
-1537
8427
1231
-7930
9311
-8215
9417
-9570
-2179
-9131
5484
-8792
-4328
9249
-471
-5999
-3038
1965
-9851
2012
-3655
7019
-8044
8091
8910
731
3633
2818
-7546
6828
-6918
-2648
-7735
7183
-5117
-54
5627
5457
-628
-5345
-2794
-2691
-8939
8593
-2450
-8932
5701
-5991
2269
-9412
-5841
5473
-6265
-6085
-3183
9597
-6420
3523
8047
-1754
1605
-4149
5338
-1827
-5000
9894
6285
2058
-4981
-4816
8546
85
36
4438
5919
-8742
315
598
7763
-4850
5408
3569
3419
-2112
-7271
-542
514
789
-748
9079
-5563
-2988
-1225
-3795
-5356
7178
-6462
3466
4371
2077
8535
-4079
4221
7915
4989
3305
43
-472
-5419
7258
-3598
9102
1868
-3215
2084
-5177
1133
-2051
-2684
-8955
9228
-4200
254
-7801
-9103
-1069
-137
3589
-6897
884
4151
6058
7707
-3975
6527
-9225
-3690
-5112
-1774
5414
-5467
6360
-4485
-7603
3694
-509
1763
-1856
9961
-2660
3642
-1961
-8646
-4468
-3821
-9164
1410
-1862
6846
1494
3449
7336
-2671
1793
651
-3562
-1983
3473
-3697
2134
-146
3179
4399
-525
5999
-4389
5165
5359
1950
-8759
4742
-575
8906
9615
-8566
2314
9137
4030
3616
-8887
-3823
-8897
-6678
2406
3184
5144
-8089
-1056
4339
-452
-1764
8972
7105
-4395
9300
9501
5070
7525
2134
-222
8287
-4385
-2354
2701
-1807
-2259
-3709
2873
288
-491
-7923
304
5623
-6532
-7580
8432
-4573
-798
8995
8432
-1622
2582
1476
6305
-7000
-6563
7812
-7547
4247
372
335
7688
7083
6671
3557
3797
1579
-3066
2523
-3157
778
4227
5464
-2643
7540
7569
3422
-979
1802
-3137
-2019
5290
-432
3907
3899
8537
-6683
5638
-284
1507
-2004
-1179
2394
6469
8557
-1650
-8792
1797
8349
207
-7934
-8131
-3783
2611
-6184
8698
953
-1065
-9049
7071
5039
4652
8076
-7866
-9849
-9352
-174
4211
-7578
-8100
3826
-3253
-8064
7425
-9418
-678
1740
-7147
5124
-9281
-538
6196
5453
-7323
8640
7510
9711
-8710
2642
1622
6334
7763
7689
-2699
7997
7860
-1342
-3685
-6769
735
5302
-981
4019
-1366
8770
3747
2986
-4171
1582
4200
-5127
-9563
2778
-391
3572
783
2086
3383
-1661
-9303
1890
-8594
9367
-3581
-2618
6986
-4220
-3033
3162
1491
5497
-7851
5268
1071
9923
-3532
7491
2368
4600
-6969
-9198
680
192
3250
-3213
-8618
-5739
-8929
4987
-2704
-2206
-9532
8967
1619
-9891
-1053
3561
8301
-7153
817
-6284
-7521
4168
-7386
-8106
5700
6914
-7811
-3813
8307
-3572
3364
-9064
-8600
7609
3479
8054
3186
-4264
-562
3417
-7918
6696
-2323
-5113
5759
-8390
-3465
7099
-4393
7711
-8889
-2112
2542
9778
-6862
2686
-2226
-5233
3074
1913
9804
-1850
-9057
1615
-7909
-2440
-6390
7243
4564
-736
-150
6960
-7185
1048
-2579
2450
-5197
-3197
5943
-6018
3987
-7107
496
2818
9731
5750
-8045
-2759
2369
-2193
-7681
-8080
-9477
3658
6747
9356
-5670
5237
433
-3853
-1567
-392
-2314
-9600
-1373
4658
-3333
8964
2613
9324
4179
4090
3060
8708
3904
8434
-472
7138
-9011
-6516
-8599
3640
8488
9664
1345
-5299
-57
-7933
9793
5141
-4249
-4678
-7362
9353
1092
-8853
1543
8869
-3970
-4768
1875
1935
3794
9316
6165
-7328
3698
-3158
8619
-7634
-459
-3466
9134
-4891
4280
6857
-2265
-3798
5542
1270
-2886
8777
-3842
-9874
996
-2870
5417
9035
-1503
-9017
-2654
-2088
-950
82
6576
3748
-2597
-8326
-1950
-9620
9304
-2258
4534
-1277
-2489
375
-6680
8678
8946
-936
-9546
-9655
1159
-792
-3723
3542
6628
-71
-4734
5597
8899
2520
-2251
-6422
65
-2582
6670
9815
7560
4069
-1103
3798
-9588
1278
1896
22
2193
-6642
-6452
-5105
-3655
-1478
6591
9540
-6056
-2176
5015
6242
2059
7120
-5377
-11
120
-2142
5700
8363
-5971
-1112
4559
7384
-2314
-6880
-6150
8148
-4364
668
1226
-7563
-3081
-7439
3839
-7988
4418
-6095
-3367
-4745
8350
997
-4809
-9538
4292
6135
-5644
-2017
98
7372
-3403
6760
9457
598
8928
-9630
1202
708
-4832
-8709
8279
-8487
7555
-6204
-9923
3095
1345
8287
5184
9559
-776
6925
-8248
4103
-2412
4463
7455
3025
1925
-6039
4906
-2144
-4417
-6456
-4988
8319
957
2088
-5638
9833
-3752
-4144
-8561
-3262
8023
-9268
6614
-7795
5450
-4008
-7879
-9323
-2476
-8875
3307
-880
2026
2015
-2230
8796
2320
4649
-8386
-850
5054
7894
7183
9008
8285
-9966
-2792
-5278
-3123
5032
6993
-8556
-2579
2056
1837
-2945
6884
-3733
-9354
7504
-6351
-8158
-746
2271
467
3195
-4000
2765
-7435
2151
-1977
-72
1097
-2022
5064
-606
5709
-8468
-3554
2975
455
-510
431
-4534
-6816
-2728
3089
-6534
9742
7306
-5970
6453
-471
4743
-3427
9288
936
5832
5048
7258
-8055
-7697
-8588
9195
-9478
3603
-2802
-2804
-6626
2404
-8693
-6720
9418
-2005
9678
7362
-9780
-7189
263
-6793
-2212
-3416
8546
-7276
-9132
-1828
-9327
5809
7863
813
-7858
3584
9226
425
5757
-7971
-358
-2888
8879
3533
-6364
6747
6071
-4220
-2313
-9412
9917
-5374
-1229
8050
1227
4383
-2512
5536
2049
624
-7274
-892
9886
3690
-579
-6149
9760
-2665
-2210
2618
9826
-3148
-5464
-9130
7922
-5933
-5171
-3108
323
-7895
7501
-6478
-794
-6794
-462
9041
-7479
3638
1812
4821
8910
2138
-8257
-9637
2150
-1089
-4810
4802
9015
-3732
-6367
-3396
6064
4454
-8058
2813
7820
-987
-465
3966
1845
4123
21
-4131
9801
-6589
5915
6229
819
2326
-4343
6337
-6927
-6231
-8091
-5825
-5432
8349
-1736
-2945
8878
7423
5270
-2938
7686
7300
-9008
-5728
4594
2158
-3414
-8476
-8804
4951
6841
2323
-7347
2387
-8121
-3529
3416
-9955
-6734
-5430
4443
-8409
-4412
7739
-8611
-2993
-2851
-9714
-1660
-2336
-3497
2530
-6019
-904
5694
-2686
4447
-4251
8117
867
2586
774
5245
5062
3554
-9118
-6972
5969
6923
-2133
1933
4961
-3361
-6661
6405
4167
-8721
3839
8935
-7056
-3927
-7082
-2790
810
5879
-1183
4161
-3249
7750
-9855
4308
7105
9919
-6516
-5518
-4169
7768
-8183
7174
6467
311
1399
7180
535
-5225
3227
-1930
-9396
-4507
5107
8971
-9196
-281
-6023
-8323
-277
-7051
-9342
-804
-1804
-7391
2721
-3875
-7765
-9786
-1963
8697
-1674
553
-2031
4349
-9974
-2982
6111
8978
9358
-9983
9406
-4738
8797
-8314
6601
8484
-9681
-3441
-8018
-7668
-4777
7237
-4633
-9888
9860
5056
6084
8246
-7379
7181
-6064
-4966
7223
1862
-4949
9919
-9202
2189
5146
-52
4581
2496
5987
-2256
2027
5238
-7517
-3969
3363
9505
9659
6939
-3499
-4579
5419
-4926
-3622
895
-4853
-4899
1697
-4786
6537
-4121
8187
3019
9364
-1504
5551
8678
-9773
-9994
-6533
1438
-1375
7312
-3207
5760
3131
7760
-7392
-2090
5087
-4129
-9370
-6478
-8069
92
3554
8558
-965
-4882
5414
-7867
-510
-7259
5153
-6938
5632
7828
1668
-1407
2932
-8932
5986
8050
-5700
-7476
9557
4458
-679
476
9628
-9815
-8877
-5037
-901
4711
9345
1976
464
-5337
4895
-1702
-3525
-6102
1385
-7392
510
-530
-5302
9104
-739
-25
-8796
6974
8571
-3029
1610
-7096
-4435
5150
-1694
-4539
5234
7179
-5707
-259
7489
9757
9486
-7989
-3015
602
8137
-7265
4935
-3467
-978
-9095
5094
465
1374
6514
-6514
3231
-1129
-8381
-6980
9666
-9315
8903
-3142
-4351
5349
4576
-4073
1643
9199
1533
1941
-2360
-9791
-2203
600
-6449
-2459
-8609
-3971
-7410
-4328
-1473
1289
-9909
-2232
-1609
-3354
-4802
-1271
6820
2173
-1596
-8752
-5818
6846
4370
-2025
786
881
-4930
-9240
9988
3679
1557
5188
-4033
3125
5637
4333
694
4695
-1144
-896
-7709
-3599
6697
7277
-4836
1072
2221
-1700
6254
-9427
-9312
-939
-1627
-8419
-4904
323
-9812
-9941
-8185
-2656
2645
4529
2277
6722
5954
-6568
-7310
-2863
3949
2639
6647
1175
2898
-680
7106
173
-9734
3294
-1782
7388
-6151
-9799
4849
-3522
-8593
-8962
-8611
-5818
-6077
-9270
-3017
-8797
5182
4654
6375
9135
2072
-96
2464
3706
-3903
9475
-9953
8570
5686
-3565
8601
-8298
-9751
8721
9409
1741
7264
-7399
-7042
2674
4127
9237
-8928
-3687
6206
-9924
-3430
-4321
-6326
-5393
1781
7144
-1341
-9908
-9046
6140
5854
-6148
8870
6267
7961
-3699
-9399
-4617
8934
-6759
-6502
-9417
-3604
-3506
-3263
-7631
-3019
6004
3903
3500
486
-7339
-4078
5456
-8690
-7018
5926
1575
799
6802
-7255
5076
-1498
7321
447
8343
9190
3469
7194
-6736
-8665
9955
8557
6047
-3524
-7070
4360
8409
1266
3075
5736
403
9639
577
-5861
-9201
5918
-8296
-2145
3552
7322
-9444
-9877
1188
-2722
151
3620
3577
8112
6891
7914
789
7240
6395
-7789
-2059
6508
-3855
8168
-7455
1491
-6870
9732
5350
8175
-4321
-1026
1331
4282
3927
2570
1207
-8902
5070
-6482
6783
-6320
188
-185
-3267
-9359
-5570
8449
5219
-8568
-3373
-2425
-3230
-9802
3451
-9978
-7606
-6497
-1308
-1562
4145
924
8904
5992
-291
-7020
-5485
-2516
6701
-9370
276
-3391
-6813
-3671
-5717
8345
-7779
739
-2481
-6684
5556
-8726
5975
3683
3856
4680
2911
5436
8384
642
-7667
-9933
8698
-9773
-2147
-8680
8294
-5637
-5282
-7333
-2039
3474
7231
4715
8201
5560
-2855
-9702
-3814
-2984
-7951
5030
7904
958
-5154
-6410
-2062
3573
-8839
4082
9984
4984
405
5995
-6061
-4411
9560
-4705
-3605
2397
2023
-7959
9856
807
857
-9851
8674
-9464
8534
-3220
-8748
3832
-6495
1471
1748
2039
3906
-4428
-5480
-1629
-4180
-9062
-334
-3324
768
1380
-8762
9731
-63
-6960
6866
2345
1385
6730
-3495
-9609
627
4356
4065
1031
5502
-3133
-1128
7008
-3084
2183
-1747
8578
-85
-1545
9863
2094
-9272
-9883
149
-7689
6651
-6800
-9347
4282
-3713
-8360
-2775
8590
-7238
-7963
8157
-6352
-7187
-8757
6115
3904
-9992
-1351
7584
-3632
5416
9652
404
8731
-2084
-8196
-2054
-7413
-6826
-2793
8393
4364
1282
-4273
8209
7023
-6418
8267
-9443
3853
-291
-8269
6713
-1851
-1754
9377
8173
1867
6865
-6691
-1198
-4461
8285
-1250
-1384
-9079
8711
-2526
6530
-3897
-9000
-1628
-2120
8537
-168
52
-478
-9592
5179
-473
-3236
4639
9037
6240
-873
6248
5097
-3912
7309
-3071
-4121
-3751
5085
-7674
5806
-6715
9149
-3847
-5638
-1548
8269
530
9058
4537
7316
-3886
-1055
-9725
7850
-4024
-244
6906
-1928
7260
2683
9395
2544
5862
960
5567
-1070
-4613
-5078
-996
9093
4349
-5585
3958
6809
-2461
3240
997
-5930
608
1151
5586
8596
504
1187
7642
-7995
-4281
2099
6397
9053
-1026
6906
2365
6308
2222
-7690
-3436
2321
6653
-8983
-5862
-871
8493
1536
-4371
3039
-3928
6714
-7063
1042
-7667
-3558
679
-1138
-2891
9129
4078
1520
7377
5463
-2108
7913
5494
1412
-5185
-4699
-2294
-4535
9880
7603
5493
9353
-5883
2136
-6604
4019
900
3967
-3396
1631
-3826
-1965
-3227
4656
9206
6023
3873
-4208
6100
-4198
-9944
5689
1490
8723
3543
6581
2542
448
-1075
8613
-2340
4557
8377
-7013
-818
2146
4360
3552
8920
-4326
3911
-4619
-8092
-5199
-9291
-3338
-4967
8098
8669
-3783
-331
7042
-51
5212
-8450
-1674
-285
1015
-4684
6827
-1510
20
8816
3288
4992
6670
-1749
-8908
7962
7283
-63
2261
6241
-6199
-1335
4342
7277
-5892
-8399
-6826
-4547
9070
4024
9532
700
4198
-9513
-644
-6963
1718
5449
-305
-7861
-8469
-7701
6490
-2151
-7048
-4977
-7684
1378
-516
6196
-8150
4300
1303
9908
-6336
8356
-8260
-1230
2105
5720
9809
6701
1705
9148
5479
1088
-4939
4443
6455
-27
-3259
-3294
-3163
7596
379
5385
2662
7355
-8947
-4937
8434
-3614
-1267
-6941
4811
-3355
-6894
-8934
4645
4692
-3257
5491
6383
-9654
-368
-7483
5669
-2412
8029
9832
-6199
-6668
-2209
-746
-9505
4754
-9730
3469
3852
8803
2000
1278
-4537
-7790
6998
-6513
-7568
5951
4797
1064
-5307
5568
-2903
9239
3261
-2676
-9016
2780
7181
7203
-9326
6589
5750
4393
-2207
-7242
4729
9654
-571
-7061
8671
6395
3157
-7625
-7647
-9712
-1373
8534
-6299
-7302
-9958
-9570
417
-4161
-9435
2931
7091
-7042
-2696
2844
598
-3821
642
7477
9929
9359
8018
2224
-7704
9950
9163
-257
-6233
2926
-5144
3640
-3765
241
6788
-7454
-7057
-3964
5113
9577
-8889
1322
2598
9221
6461
-749
239
-3519
7022
6189
-9695
1286
1240
-8064
9457
3927
6115
-5738
7682
-1883
2941
-6010
7731
-8794
-2709
-6279
-1497
-624
-1026
-2955
2476
-1255
883
-4428
2681
321
-4437
7276
-1566
7464
9313
4584
5857
8994
-3146
-6207
2115
-3553
-8724
5452
1799
2859
5904
-6503
-8057
-870
3506
1931
790
-904
-9498
-8534
-7974
-8977
6526
4506
739
-5130
-7281
3476
7490
6039
-6819
1102
3279
8006
-7043
-8343
7946
9032
9320
-9579
3856
-4609
-8030
-7835
3012
-6617
-2473
-896
-4890
5381
-2237
-9087
-8134
-9277
-2002
8432
7966
9419
970
8535
-907
1084
-2839
5665
-323
2874
2281
-5044
-6479
5846
9410
8734
2142
6806
-8444
-8099
1692
-349
9739
7843
-884
-7895
-2551
7031
6090
1779
-3433
-8586
7986
1453
-731
7454
4250
5465
-821
-2533
2485
5104
5256
-2533
-455
5474
8929
2032
5691
4107
-7559
2183
2785
-4850
8713
-4882
-6924
8981
-9343
2322
-1972
8522
4270
-6946
2531
8328
4567
-6370
1561
9045
-1103
3398
-3181
-162
3488
6334
-4500
337
8273
-5153
8682
-378
-7058
5040
5481
-6727
6100
-5743
-7165
-483
-4259
7831
-8786
-350
-9969
-159
-1345
-3654
5031
4117
2168
-2230
-8319
1433
-6831
2352
-3657
-8046
1616
9993
-6797
9354
-2547
8433
6784
9252
5208
3815
1688
3194
-66
6771
8022
3215
-8766
9006
-5847
5574
-9300
-492
1387
443
3929
-7154
-4675
8655
-8485
-4310
7586
5811
643
7104
2016
950
7046
3541
3673
-4266
5000
-2523
6652
2645
1418
-2066
-9085
2643
1019
-8687
-9758
-3181
7754
-8850
5011
7169
2802
5304
2293
-3940
6176
8101
-8600
3787
5754
-7799
2954
3650
-6180
-7926
9
30
4849
9905
596
-9057
-893
9245
-7125
-6508
-7858
-9333
2861
3639
-8762
7645
429
-8929
-5254
5021
505
2475
-2599
-8733
6324
-443
-9728
5583
-7691
5957
3230
-1434
-613
8245
8518
-651
5450
-9837
9504
-4832
5931
7643
9337
-3337
-5777
-7696
-7341
-4884
9733
2445
-5359
7137
-1210
7011
205
-6956
2669
-8100
-1257
6525
2433
-7489
6306
-9952
5786
6753
-9686
404
3585
6243
1948
-3620
9382
8535
7254
-5329
-1263
-3779
-5506
2969
8574
9768
964
-5758
973
-2788
-1132
8140
-6177
-5600
-4191
3073
3557
4321
3352
8902
-8748
3520
377
6775
7048
7072
9293
-5203
4129
6652
-1351
8015
-9085
9267
8705
-9874
-995
-2538
-5856
-4879
-7418
5762
5125
1564
8903
5500
-3464
-4281
3036
68
6681
-3276
4849
7153
1986
4421
-4189
8345
7069
-4633
7986
2692
2014
39
-1851
1956
9572
2469
-9864
-4582
-7029
-1425
8997
2367
-4173
3199
1819
1313
-485
4358
-831
-3128
74
-5134
5307
-2382
-6299
3912
-8347
-9593
8836
1810
-1734
-4935
3520
2261
5468
-2007
-5146
7723
-9924
-4344
-6642
906
-4583
2013
4409
2396
9699
284
-360
-3590
-5372
-3690
2921
7879
3122
7186
-9613
-2452
-2915
6328
9283
8547
-360
-1781
-6007
2816
-1056
-6793
-4825
339
-7444
8031
-8002
5215
753
-3909
-7682
7126
-8728
7348
-7115
-417
-2081
-839
9258
7551
7777
-1355
-1419
-6423
-5561
-6354
3880
-606
-9679
1044
6626
6863
-205
8102
-14
78
-6149
-5241
-2243
7619
9116
-3746
-1895
-5561
-1105
3832
-9929
6913
-1170
-4097
7873
234
1085
9488
-6779
-3647
-302
5009
-6322
-3560
-5843
6214
-6032
-9788
5096
39
-8084
68
-5423
-3741
-5370
-6103
1945
-1686
9727
271
-6049
2461
8686
9901
-9525
-7992
9614
-2739
5636
3642
-7106
-1667
-6355
923
7172
5609
-6420
-4666
-1280
8945
1195
6963
6237
-990
6698
-6937
-3664
-1392
2053
-270
-1144
413
9015
2581
3496
3888
1917
302
6938
-1073
-8509
282
-9130
-8631
-7648
-3497
-4269
-7212
531
7962
-6809
-7004
-2894
-7675
6894
-517
-5967
-3583
1806
4095
2907
-620
-1200
7198
4108
-8564
7001
6374
-1116
7272
-8198
-1040
8143
-2786
624
5933
6161
-5163
-400
1786
6467
-3498
9826
5963
9878
3862
-909
-4989
6328
-9288
3052
-1305
-5477
6353
698
-5701
-5267
-4434
9395
5433
2223
8747
6912
-1960
2502
-9935
9867
-3434
-3082
3400
-8827
1804
-7661
4236
7057
-6674
-6561
-5802
-9556
1486
-1283
8084
-6192
-2291
-5567
-1467
-6994
-8779
3236
2763
8429
-2713
-586
5971
-1229
2340
4009
-1480
-5027
2797
7911
-7109
8150
541
-7230
-893
-7755
-8909
-154
-2839
5436
3297
-5599
-1022
4474
-4493
6259
5781
4492
3222
5475
-9719
-2746
4070
1452
6405
-7208
-2319
1502
-1680
-3760
6954
3815
-6467
2749
-4622
7296
-2892
-6888
8457
-4095
8211
-8177
-7171
-7865
5325
-3108
-3347
-7826
6208
-665
3301
6160
6678
2808
-5413
3759
5210
-4755
1293
-6888
-3866
4316
-3058
6986
4737
1973
-6707
7883
-4380
7550
-4889
2465
-6546
-8444
-2293
-7951
-6839
317
-1705
-8410
4923
-5164
5455
-82
5768
8763
-157
9025
-1940
9885
-4831
6071
-2205
734
-8678
6025
-5731
2225
3858
-1216
-2834
4464
-6907
2986
2502
-6186
1966
6799
-891
-6668
-6876
-7646
1900
8890
9804
-9012
-4422
9784
6445
2085
2011
-6565
7230
7348
4873
2584
1870
1102
-765
1795
4627
-9589
6045
-2055
3093
-7346
8655
8088
109
9765
-1818
-4148
-7555
327
-2000
-2059
2060
4611
2950
-4743
-4704
-7113
-7319
1700
-8882
-4515
-1116
8101
-2381
627
5430
1721
-928
-4266
-5388
4508
-961
9721
-7513
7423
-5406
-4129
810
4242
-8337
-6498
5600
-147
494
5994
8122
-3201
8299
447
-8384
1125
-5518
-950
-1865
-6339
-3349
-2755
2611
3851
-5857
7907
-9309
3729
-8735
-3540
3805
5337
-2805
-7699
8185
8620
5952
-2181
8258
-5875
6764
3761
4660
5139
7596
6447
4326
7893
-451
4611
882
-7072
-5412
8533
3153
-6288
1211
-9608
-6602
-8584
8311
-8031
-4893
1237
-162
-9717
-880
3737
-8385
-7745
6740
-7030
-1563
-1733
-7990
8655
446
6238
3155
3368
5664
6191
-8127
-4509
-7286
-6101
-2603
-7290
1263
-5014
7586
-9893
834
2946
7705
5776
-8136
-4325
-4594
-8086
8505
-3294
-6689
9704
-6349
-1992
8210
-4219
-7300
-5193
-9161
7931
5368
-5391
48
8474
-9461
-9528
-1897
2121
8919
1027
-3641
-7955
7004
5018
-3448
-8403
-6942
-2156
-2846
2057
-9415
239
-5924
-149
-9933
3913
-9770
1195
301
-558
230
-1636
3899
-8074
4987
-4229
5883
6824
-1320
-4361
6992
-526
6649
9004
325
6943
986
-212
8700
-4983
5464
-6864
7534
5871
3616
4182
-7193
-7277
-6874
1788
8283
-5865
-3334
-6934
-219
2878
-1953
-1510
3663
-938
6473
-497
8413
-2688
1657
5814
2672
6119
7255
2878
-8696
-4913
3415
1405
-803
9537
9951
1098
1889
8531
1042
-3240
6002
-6638
-7668
-1281
8568
-8152
-8197
-4566
1437
-2506
6490
-6089
-1528
-4812
465
5575
5975
6404
6994
9568
-2367
5658
-8453
-6254
-3557
6611
-5365
-7864
-2008
1628
2449
-3810
-8282
-955
-9474
-7500
1895
-1693
-8984
-9912
9737
-4697
9843
7241
7597
-7150
6794
7116
5900
-1249
7575
-5862
5353
9775
-2184
-199
6465
1114
-5131
9968
-3802
-9373
-2583
-2594
-3895
7640
9678
6432
-6079
9844
4295
-3033
-1757
8396
-3666
-3590
-4320
1612
8944
2263
-3159
-1900
979
-8191
9856
-6896
-4556
4243
-8901
1742
-7691
7502
888
1722
-2331
-2687
-44
-4193
-8450
5147
5108
-6981
6082
6379
-8478
171
7048
-9186
4899
-7456
2039
4560
4653
7688
-3363
-8000
-7901
-8573
4937
9457
1782
-8484
-4849
6559
2885
2576
-3776
9714
-1518
-4311
-2856
-2254
-9675
7262
6792
-8362
-2241
9445
8734
4290
-9256
7054
-4335
2940
-7240
9245
-233
3402
-4412
8196
-708
-468
-7056
-5487
-757
2012
6699
-8464
-4424
-1708
-5620
-6348
920
2393
-3743
4133
-9928
-6480
3569
5659
-6852
8720
-1331
-2752
-8129
3786
1186
2125
-301
-2987
-2724
-9597
1504
-3084
2037
-6039
-2739
-9540
-9692
-918
810
3115
8716
-6279
-6644
-6906
9091
2445
-5882
-2325
9422
-4056
-909
-5227
-3635
-723
-3109
9193
-3004
-4812
-9571
-3081
-5208
-4301
-2976
-9273
-8629
7853
9220
-3378
7527
-8394
-8487
-5945
-9948
4335
866
-8372
-3189
-9591
-7084
-7145
-1352
-7160
2829
792
-3123
6416
-2039
-9361
-6039
1444
5865
260
6046
-6283
-5387
-1091
-6164
3712
-8131
-4992
7674
3707
-4280
6746
2835
8189
4248
9021
3270
2723
-4116
-2551
-4089
6552
6320
-7697
-8416
-6198
8576
5499
-4621
6812
-4443
-8477
8960
6131
-2329
19
8994
-2007
-7616
-2973
-2176
-2052
6680
-7475
4975
42
-6692
942
7302
-4755
1697
-373
-3864
3398
-6771
660
632
7766
-6053
3744
4922
3381
-4343
-6159
1783
8185
8373
833
-8642
8585
-5500
-389
3020
-6529
6746
3658
6626
-5851
469
-4584
-1830
-4152
2956
-7577
-4664
4938
-5754
-5689
569
-7011
4264
-4572
8762
-2080
-5520
-379
2539
-4588
8286
9678
5345
-5829
-986
3506
3362
-5237
-4718
-2347
-4247
-3889
1452
-7988
-8728
-5843
4661
8783
3146
930
-756
-2457
-6788
7241
3636
-4577
-957
6337
2466
-6586
1734
4207
-7342
7524
-8063
2563
-3140
-1468
3698
-6911
-3734
-2735
-579
-8724
7307
3027
-4023
4289
-5827
-7292
-2122
-2113
9670
-2075
-3111
-7567
-8207
-2259
-1013
-8964
6243
-6865
6878
5208